0 0 5 9 
1 0 5 9 
2 0 
3 0 
4 0 5 7 9 14 18 
5 0 
6 0 3 4 5 7 9 14 16 18 
7 0 3 5 7 9 14 16 18 
8 0 9 
9 0 
10 0 
11 0 
12 0 5 9 14 18 
13 0 1 7 9 11 14 18 
14 0 1 2 3 5 7 8 9 11 14 16 18 
15 0 1 2 5 7 8 9 10 11 14 16 18 
16 0 
17 0 1 14 
18 0 
19 0 
20 0 
21 0 
22 0 
23 0 5 9 14 
24 0 7 9 14 18 
25 0 16 
26 0 14 
27 0 5 
28 0 
29 0 2 9 
30 0 1 5 9 11 14 18 
31 0 1 
32 0 2 5 9 14 16 
33 0 14 
34 0 3 5 7 9 14 
35 0 9 14 
36 0 
37 0 1 2 3 5 7 9 11 14 18 
38 0 
39 0 
40 0 
41 0 
42 0 16 
43 0 1 2 9 11 14 16 18 
44 0 7 9 14 18 
45 0 1 5 7 9 14 16 
46 0 5 9 14 16 
47 0 
48 0 1 2 5 7 9 14 16 18 
49 0 7 9 10 14 16 18 
50 0 1 2 5 7 8 9 10 11 14 16 
51 0 5 
52 0 1 3 5 7 9 14 
53 0 
54 0 
55 0 9 14 16 
56 0 1 2 5 7 9 11 14 16 
57 0 
58 0 
59 0 
60 0 9 14 
61 0 1 9 
62 0 
63 0 
64 0 
65 0 
66 0 
67 0 
68 0 
69 0 
70 0 9 
71 0 1 5 8 9 14 16 
72 0 
73 0 5 9 11 14 16 
74 0 
75 0 
76 0 14 
77 0 
78 0 9 
79 0 9 
80 0 5 9 14 16 
81 0 9 
82 0 5 
83 0 
84 0 9 
85 0 
86 0 
87 0 
88 0 
89 0 
90 0 5 9 14 
91 0 
92 0 9 
93 0 
94 0 9 14 
95 0 
96 0 5 
97 0 9 
98 0 5 9 14 
99 0 16 
100 0 9 
101 0 9 
102 0 
103 0 
104 0 
105 0 5 7 9 
106 0 9 14 
107 0 1 2 5 7 9 11 14 16 
108 0 
109 0 
110 0 9 14 18 
111 0 
112 0 
113 0 5 7 9 14 
114 0 
115 0 7 9 14 18 
116 0 1 
117 0 
118 0 5 
119 0 9 
120 0 9 
121 0 
122 0 
123 0 
124 0 3 7 9 14 18 
125 0 
126 0 
127 0 2 7 9 
128 0 7 9 14 16 
129 0 
130 0 1 2 5 7 8 9 14 18 
131 0 9 
132 0 
133 0 
134 0 
135 0 2 5 7 9 14 16 
136 0 
137 0 
138 0 9 
139 0 
140 0 1 9 
141 0 
142 0 
143 0 
144 0 
145 0 
146 0 
147 0 9 
148 0 9 
149 0 9 
150 0 
151 0 5 7 9 14 
152 0 9 
153 0 
154 0 
155 0 5 9 
156 1 
157 1 2 3 5 8 9 10 11 16 18 
158 1 
159 1 11 
160 1 
161 1 
162 1 11 
163 1 3 9 
164 1 9 11 
165 1 11 
166 1 
167 1 7 9 11 
168 1 
169 1 9 
170 1 8 14 16 
171 1 11 
172 1 11 
173 1 11 
174 1 11 
175 1 
176 1 9 
177 1 
178 1 14 
179 1 9 14 18 
180 1 
181 1 9 14 
182 1 14 
183 1 
184 1 
185 1 
186 1 
187 1 
188 1 
189 1 5 
190 1 2 9 11 14 
191 1 2 
192 1 
193 1 
194 1 5 
195 1 14 
196 1 
197 1 
198 1 
199 1 
200 1 
201 1 
202 1 
203 1 
204 1 5 
205 1 
206 1 
207 1 
208 1 5 
209 1 
210 1 5 
211 1 
212 1 5 
213 1 
214 1 
215 1 
216 1 2 8 11 12 
217 1 16 
218 1 
219 1 
220 1 
221 1 
222 1 
223 1 
224 1 
225 1 
226 1 
227 1 
228 1 
229 1 
230 1 
231 1 
232 1 
233 1 
234 1 
235 1 
236 1 
237 1 
238 1 
239 1 
240 1 
241 1 
242 1 
243 1 
244 1 
245 1 
246 1 
247 1 
248 1 
249 1 
250 1 
251 1 
252 1 
253 1 
254 1 
255 1 
256 1 
257 1 
258 1 
259 1 
260 1 
261 1 
262 1 
263 1 
264 1 
265 1 
266 1 
267 1 
268 1 
269 1 
270 1 
271 1 
272 1 
273 1 
274 1 
275 1 
276 1 
277 1 
278 1 
279 1 
280 1 
281 1 
282 1 
283 1 
284 1 
285 1 
286 1 
287 1 
288 1 
289 1 
290 1 
291 1 
292 1 
293 1 
294 1 
295 1 
296 1 
297 1 
298 1 
299 1 
300 1 
301 1 
302 1 
303 1 
304 1 
305 1 
306 1 
307 1 
308 1 
309 1 
310 1 
311 1 
312 1 
313 1 
314 1 
315 1 
316 1 
317 1 
318 1 
319 1 
320 1 
321 1 
322 1 
323 1 
324 1 
325 1 
326 1 
327 1 
328 1 
329 1 
330 1 
331 1 
332 1 
333 1 
334 1 
335 1 
336 1 
337 1 
338 1 
339 1 
340 1 
341 1 
342 1 
343 1 
344 1 
345 1 
346 1 
347 1 
348 1 
349 1 
350 1 
351 1 9 
352 1 
353 1 
354 1 
355 1 
356 1 
357 1 
358 1 
359 1 
360 1 
361 1 
362 1 
363 1 
364 1 
365 1 
366 1 
367 1 
368 1 
369 1 
370 1 
371 1 
372 1 
373 1 
374 1 
375 1 
376 1 
377 1 
378 1 
379 1 
380 1 
381 1 
382 1 
383 1 
384 1 11 
385 1 
386 1 
387 1 
388 1 
389 1 
390 1 
391 1 
392 1 
393 1 
394 1 
395 1 2 9 16 
396 1 5 
397 1 
398 1 
399 1 
400 1 
401 1 
402 1 
403 1 
404 1 
405 1 
406 1 
407 1 
408 1 9 
409 1 
410 1 
411 1 
412 1 
413 1 7 14 16 
414 1 
415 1 
416 1 
417 1 
418 1 
419 1 
420 1 
421 1 
422 1 
423 1 
424 1 
425 1 
426 1 
427 1 
428 1 
429 1 
430 1 
431 1 
432 1 
433 1 
434 1 
435 1 
436 1 
437 1 
438 1 
439 1 
440 1 
441 1 
442 1 
443 1 
444 1 
445 1 
446 1 
447 1 
448 1 
449 1 
450 1 
451 1 
452 1 
453 1 
454 1 
455 1 
456 1 
457 1 
458 1 
459 1 
460 1 
461 1 
462 1 
463 1 
464 1 
465 1 
466 1 
467 1 
468 1 
469 1 
470 1 
471 1 
472 1 
473 1 
474 1 
475 1 
476 1 
477 1 
478 1 
479 1 
480 1 
481 1 
482 1 
483 1 
484 1 
485 1 
486 1 
487 1 
488 1 
489 1 
490 1 
491 1 
492 1 
493 1 
494 1 
495 1 
496 1 9 11 14 
497 1 
498 1 
499 1 
500 1 
501 1 
502 1 
503 1 
504 1 
505 1 
506 1 
507 1 
508 1 
509 1 
510 1 
511 1 
512 1 
513 1 
514 1 
515 1 7 9 
516 1 
517 1 
518 1 
519 1 
520 1 
521 1 
522 1 
523 1 
524 1 
525 1 
526 1 
527 1 
528 1 
529 1 
530 1 
531 1 
532 1 
533 1 
534 1 
535 1 
536 1 
537 1 
538 1 
539 1 
540 1 
541 1 
542 1 
543 1 
544 1 
545 1 
546 1 
547 1 
548 1 
549 1 
550 1 
551 1 
552 1 9 
553 1 
554 1 
555 1 
556 1 
557 1 
558 1 16 
559 1 
560 1 9 
561 1 
562 1 
563 1 
564 1 
565 1 
566 1 
567 1 
568 1 
569 1 
570 1 
571 1 
572 1 
573 1 
574 1 
575 1 
576 1 
577 1 
578 1 
579 1 
580 1 
581 1 
582 1 
583 1 
584 1 
585 1 
586 1 
587 1 5 9 
588 1 
589 1 
590 1 
591 1 
592 1 
593 1 
594 1 
595 1 
596 1 
597 1 
598 1 2 8 10 11 12 13 15 17 
599 1 
600 1 5 9 16 
601 1 11 
602 1 
603 1 
604 1 
605 1 
606 1 
607 1 
608 1 
609 1 
610 1 9 
611 2 10 
612 2 10 16 
613 2 7 9 
614 2 8 11 12 15 17 
615 2 
616 2 
617 2 
618 2 
619 2 
620 2 3 11 13 14 
621 2 
622 2 
623 2 
624 2 
625 2 
626 2 
627 2 
628 2 
629 2 
630 2 
631 2 
632 2 13 
633 2 
634 2 
635 2 
636 2 
637 2 
638 2 
639 2 
640 2 
641 2 
642 2 
643 2 
644 2 
645 2 
646 2 
647 2 
648 2 
649 2 
650 2 
651 2 
652 2 
653 2 
654 2 
655 2 
656 2 
657 2 
658 2 
659 2 
660 2 8 12 
661 2 8 9 12 
662 2 8 
663 2 8 9 
664 2 14 
665 2 7 8 14 
666 2 
667 2 9 
668 2 
669 2 8 12 
670 2 
671 2 
672 2 
673 2 
674 2 
675 2 
676 2 8 9 12 16 
677 2 13 
678 2 
679 2 
680 2 
681 2 
682 2 
683 2 
684 2 
685 2 
686 2 
687 2 
688 2 
689 2 
690 2 8 
691 2 
692 2 
693 2 
694 2 
695 2 
696 2 
697 2 
698 2 
699 2 
700 2 
701 2 
702 2 
703 2 
704 2 
705 2 
706 2 
707 2 
708 2 
709 2 
710 2 
711 2 
712 2 
713 2 
714 2 
715 2 
716 2 
717 2 
718 2 
719 2 13 
720 2 
721 2 
722 2 
723 2 
724 2 
725 2 
726 2 
727 2 
728 2 
729 2 
730 2 
731 2 
732 2 
733 2 
734 2 
735 2 
736 2 
737 2 
738 2 
739 2 
740 2 
741 2 
742 2 
743 2 
744 2 
745 2 
746 2 
747 2 
748 2 
749 2 
750 2 
751 2 
752 2 
753 2 
754 2 
755 2 
756 2 
757 2 6 
758 2 
759 2 
760 2 
761 2 10 
762 2 
763 2 
764 2 
765 2 
766 2 
767 2 
768 2 
769 2 
770 2 
771 2 
772 2 
773 2 
774 2 
775 2 
776 2 
777 2 
778 2 
779 2 
780 2 
781 2 
782 2 
783 2 
784 2 
785 2 
786 2 
787 2 
788 2 
789 2 
790 2 8 
791 2 
792 2 
793 2 
794 2 
795 2 
796 2 
797 2 
798 2 8 
799 2 
800 2 8 
801 2 
802 2 8 
803 2 
804 2 
805 2 
806 2 
807 2 
808 2 
809 2 
810 2 
811 2 
812 2 
813 2 
814 2 
815 2 
816 2 
817 2 
818 2 
819 2 
820 2 
821 2 
822 2 
823 2 
824 2 
825 2 14 
826 2 
827 2 
828 2 9 14 
829 2 9 
830 2 
831 2 
832 2 
833 2 
834 2 
835 2 
836 2 14 16 
837 2 5 9 14 
838 2 14 
839 2 
840 2 9 
841 2 9 16 
842 2 5 7 9 14 16 
843 2 7 
844 2 9 14 
845 2 14 
846 2 
847 2 
848 2 
849 2 
850 2 8 9 14 
851 2 5 9 14 16 
852 2 5 7 8 9 14 16 18 
853 2 
854 2 7 14 
855 2 
856 2 
857 2 
858 2 
859 2 
860 2 
861 2 6 7 8 11 12 13 15 
862 2 
863 2 
864 2 
865 2 
866 2 
867 2 14 
868 2 9 14 16 
869 2 5 9 14 16 
870 2 
871 2 
872 2 
873 2 7 9 14 16 
874 2 
875 2 9 14 16 
876 2 
877 2 
878 2 
879 2 
880 2 
881 2 
882 2 
883 2 11 
884 2 
885 2 
886 2 
887 2 11 
888 2 
889 2 11 
890 2 
891 2 
892 2 
893 2 9 
894 2 
895 2 11 14 
896 2 
897 2 9 
898 2 
899 2 
900 2 
901 2 
902 2 
903 2 
904 2 
905 2 
906 2 11 
907 2 
908 2 
909 2 
910 2 
911 2 
912 2 
913 3 9 14 
914 3 
915 3 
916 3 
917 3 
918 3 
919 3 
920 3 
921 3 
922 3 
923 3 
924 3 
925 3 
926 3 
927 3 
928 3 
929 3 
930 3 
931 3 
932 3 
933 3 
934 3 
935 3 
936 3 
937 3 
938 3 
939 3 
940 3 
941 3 
942 3 
943 3 
944 3 
945 3 
946 3 
947 3 
948 3 
949 3 
950 3 9 14 
951 3 
952 3 
953 3 
954 3 
955 3 
956 3 
957 3 
958 3 
959 3 
960 3 
961 3 
962 3 
963 3 4 5 9 14 16 
964 3 
965 3 5 7 9 14 18 
966 3 
967 3 
968 3 
969 3 
970 3 
971 3 
972 3 
973 3 
974 3 4 5 7 9 14 18 
975 3 
976 3 
977 3 
978 3 
979 3 
980 3 
981 3 
982 3 
983 3 
984 3 
985 3 
986 3 
987 3 
988 3 
989 3 
990 3 
991 3 
992 3 
993 3 
994 3 
995 3 
996 3 
997 3 
998 3 
999 3 
1000 3 
1001 3 
1002 3 
1003 3 5 14 
1004 3 
1005 4 
1006 4 14 
1007 4 
1008 5 18 
1009 5 16 
1010 5 
1011 5 
1012 5 
1013 5 
1014 5 
1015 5 
1016 5 14 16 18 
1017 5 18 
1018 5 
1019 5 
1020 5 16 
1021 5 
1022 5 9 14 
1023 5 16 
1024 5 
1025 5 16 
1026 5 8 9 14 16 
1027 5 
1028 5 14 
1029 5 9 14 
1030 5 
1031 5 
1032 5 14 
1033 5 
1034 5 
1035 5 
1036 5 
1037 5 7 9 14 
1038 5 
1039 5 9 
1040 5 
1041 5 9 14 18 
1042 5 
1043 5 
1044 5 
1045 5 
1046 5 9 16 18 
1047 5 14 
1048 5 
1049 5 
1050 5 
1051 5 
1052 5 
1053 5 
1054 5 
1055 5 
1056 5 
1057 5 
1058 5 9 
1059 5 
1060 5 
1061 5 
1062 5 
1063 5 
1064 5 
1065 5 
1066 5 
1067 5 7 8 9 14 16 18 
1068 5 
1069 5 9 14 
1070 5 
1071 5 
1072 5 
1073 5 
1074 5 
1075 5 
1076 5 
1077 5 
1078 5 
1079 5 9 18 
1080 5 
1081 5 
1082 5 
1083 5 
1084 5 9 
1085 5 
1086 5 
1087 5 
1088 5 9 
1089 5 
1090 5 
1091 5 9 14 
1092 5 
1093 5 
1094 5 18 
1095 5 
1096 5 
1097 6 
1098 6 
1099 6 
1100 6 
1101 6 
1102 6 
1103 7 16 
1104 7 
1105 7 9 
1106 7 
1107 7 9 14 
1108 7 
1109 7 9 14 16 18 
1110 7 9 
1111 7 
1112 7 
1113 7 9 
1114 7 14 16 
1115 7 9 14 18 
1116 7 9 
1117 7 14 
1118 7 
1119 7 
1120 7 9 
1121 7 9 14 16 
1122 7 9 14 16 
1123 7 
1124 7 14 
1125 7 
1126 7 14 
1127 7 
1128 7 9 14 
1129 7 9 
1130 7 
1131 7 9 
1132 7 14 
1133 7 
1134 7 
1135 7 
1136 7 
1137 7 9 14 
1138 7 
1139 7 
1140 7 
1141 7 9 14 16 18 
1142 7 14 
1143 7 
1144 7 
1145 7 
1146 7 9 
1147 7 
1148 7 
1149 7 
1150 7 
1151 7 
1152 7 9 
1153 7 
1154 7 14 
1155 7 9 14 
1156 7 
1157 7 
1158 7 9 
1159 7 
1160 7 
1161 7 
1162 7 14 
1163 7 
1164 7 
1165 7 
1166 7 9 16 18 
1167 7 
1168 7 
1169 7 
1170 7 
1171 7 
1172 7 
1173 7 14 
1174 7 9 14 
1175 7 
1176 7 9 14 
1177 7 
1178 7 
1179 7 
1180 7 16 
1181 8 
1182 8 9 
1183 8 
1184 8 
1185 8 
1186 8 
1187 8 
1188 8 
1189 8 9 
1190 8 14 
1191 8 
1192 8 
1193 8 
1194 8 9 
1195 8 9 
1196 8 9 
1197 8 9 
1198 8 
1199 8 
1200 8 
1201 8 
1202 8 16 
1203 8 
1204 8 
1205 8 9 
1206 8 
1207 8 
1208 8 
1209 8 
1210 8 
1211 8 12 
1212 8 
1213 8 
1214 8 
1215 8 
1216 8 
1217 8 
1218 8 
1219 8 
1220 8 
1221 8 
1222 8 
1223 8 
1224 8 
1225 8 
1226 8 
1227 8 
1228 8 
1229 8 
1230 8 
1231 8 
1232 8 
1233 8 
1234 8 
1235 8 
1236 8 
1237 8 
1238 8 
1239 8 
1240 8 
1241 8 
1242 8 
1243 8 
1244 8 
1245 8 
1246 8 
1247 8 
1248 8 
1249 8 
1250 8 
1251 8 
1252 8 
1253 8 
1254 8 
1255 8 10 
1256 8 
1257 8 
1258 8 
1259 9 
1260 9 
1261 9 
1262 9 14 16 
1263 9 14 
1264 9 
1265 9 
1266 9 
1267 9 
1268 9 11 
1269 9 
1270 9 
1271 9 
1272 9 
1273 9 
1274 9 
1275 9 
1276 9 
1277 9 
1278 9 
1279 9 
1280 9 
1281 9 
1282 9 
1283 9 
1284 9 
1285 9 
1286 9 
1287 9 
1288 9 14 
1289 9 
1290 9 
1291 9 
1292 9 
1293 9 
1294 9 
1295 9 
1296 9 
1297 9 
1298 9 
1299 9 
1300 9 
1301 9 
1302 9 
1303 9 
1304 9 14 
1305 9 
1306 9 
1307 9 
1308 9 
1309 9 
1310 9 14 
1311 9 14 
1312 9 
1313 9 
1314 9 14 
1315 9 
1316 9 
1317 9 
1318 9 
1319 9 
1320 9 16 
1321 9 
1322 9 14 16 
1323 9 
1324 9 
1325 9 
1326 9 
1327 9 
1328 9 
1329 9 
1330 9 
1331 9 
1332 9 
1333 9 
1334 9 
1335 9 
1336 9 
1337 9 
1338 9 
1339 9 
1340 9 
1341 9 
1342 9 
1343 9 
1344 9 
1345 9 
1346 9 14 16 
1347 9 
1348 9 
1349 9 
1350 9 16 
1351 9 
1352 9 
1353 9 
1354 9 
1355 9 
1356 9 
1357 9 14 
1358 9 
1359 9 
1360 9 
1361 9 
1362 9 
1363 9 
1364 9 
1365 9 
1366 9 
1367 9 
1368 9 
1369 9 
1370 9 
1371 9 
1372 9 14 16 
1373 9 
1374 9 
1375 9 
1376 9 
1377 9 
1378 9 
1379 9 
1380 9 
1381 9 
1382 9 14 
1383 9 
1384 9 
1385 9 
1386 9 14 
1387 9 
1388 9 
1389 9 
1390 9 
1391 9 
1392 9 
1393 9 
1394 9 
1395 9 
1396 9 14 18 
1397 9 
1398 9 
1399 9 14 
1400 9 
1401 9 
1402 9 
1403 9 
1404 9 
1405 9 
1406 9 
1407 9 
1408 9 
1409 9 
1410 9 
1411 9 
1412 9 
1413 9 
1414 9 14 
1415 9 
1416 9 
1417 9 14 
1418 9 
1419 9 
1420 9 
1421 9 
1422 9 
1423 9 14 
1424 9 14 
1425 9 
1426 9 14 
1427 9 
1428 9 
1429 9 
1430 9 
1431 9 
1432 9 
1433 9 
1434 9 
1435 9 18 
1436 9 
1437 9 
1438 9 14 
1439 9 
1440 9 
1441 9 
1442 9 
1443 9 
1444 9 
1445 9 
1446 9 
1447 9 
1448 9 
1449 9 
1450 9 
1451 9 
1452 9 18 
1453 9 
1454 9 
1455 9 
1456 9 
1457 9 
1458 9 
1459 9 
1460 9 
1461 9 
1462 9 
1463 9 
1464 9 
1465 9 
1466 9 
1467 9 
1468 9 14 
1469 9 14 
1470 9 
1471 9 
1472 9 
1473 9 16 
1474 9 
1475 9 
1476 9 
1477 9 14 
1478 9 14 
1479 9 14 
1480 9 
1481 9 
1482 9 
1483 9 
1484 9 
1485 9 
1486 9 
1487 9 
1488 9 
1489 9 
1490 9 
1491 9 
1492 9 
1493 9 
1494 9 
1495 9 
1496 9 14 16 
1497 9 
1498 9 
1499 9 14 
1500 9 
1501 9 
1502 9 
1503 9 
1504 9 18 
1505 9 
1506 9 11 
1507 9 
1508 9 
1509 9 14 
1510 9 
1511 9 
1512 9 
1513 9 
1514 9 
1515 9 
1516 9 
1517 9 
1518 9 
1519 9 
1520 9 
1521 9 
1522 9 
1523 9 
1524 9 
1525 9 
1526 9 
1527 9 
1528 9 
1529 9 
1530 9 
1531 9 
1532 9 
1533 9 
1534 9 
1535 9 
1536 9 
1537 9 
1538 9 
1539 9 
1540 9 
1541 9 
1542 9 14 
1543 9 
1544 9 
1545 9 
1546 9 
1547 9 
1548 9 
1549 9 
1550 9 
1551 9 
1552 9 
1553 9 
1554 9 
1555 9 
1556 9 
1557 9 
1558 9 
1559 9 
1560 9 14 
1561 9 
1562 9 
1563 9 
1564 9 
1565 9 
1566 9 
1567 9 
1568 9 
1569 9 
1570 9 
1571 9 
1572 9 
1573 9 
1574 9 
1575 9 
1576 9 
1577 9 
1578 9 
1579 9 
1580 9 
1581 9 
1582 9 
1583 9 
1584 9 
1585 9 
1586 9 14 
1587 9 
1588 9 
1589 9 14 
1590 9 
1591 9 
1592 9 
1593 9 
1594 9 
1595 9 
1596 9 
1597 9 
1598 9 
1599 9 
1600 9 16 
1601 9 
1602 9 
1603 9 14 
1604 9 
1605 9 
1606 9 
1607 9 
1608 9 
1609 9 
1610 9 
1611 9 
1612 9 14 
1613 9 14 
1614 9 
1615 9 14 
1616 9 
1617 9 
1618 9 
1619 9 
1620 9 
1621 9 16 
1622 9 
1623 9 
1624 9 
1625 9 
1626 9 
1627 9 
1628 9 14 
1629 9 14 
1630 9 14 
1631 9 
1632 9 
1633 9 
1634 9 
1635 9 
1636 9 
1637 9 14 
1638 9 
1639 9 14 16 
1640 9 14 
1641 9 
1642 9 
1643 9 
1644 9 
1645 9 
1646 9 
1647 9 
1648 9 
1649 9 
1650 9 
1651 9 
1652 9 
1653 9 
1654 9 
1655 9 
1656 9 
1657 9 
1658 9 
1659 9 
1660 9 
1661 9 
1662 9 
1663 9 
1664 9 11 
1665 9 
1666 9 
1667 9 
1668 9 
1669 9 
1670 9 
1671 9 
1672 9 14 16 
1673 9 
1674 9 14 
1675 9 
1676 9 
1677 9 
1678 9 
1679 9 
1680 9 
1681 9 
1682 9 
1683 9 
1684 9 
1685 9 
1686 9 
1687 9 
1688 9 
1689 9 16 
1690 9 
1691 9 
1692 9 
1693 9 
1694 9 
1695 9 
1696 9 
1697 9 
1698 9 
1699 9 14 
1700 9 
1701 9 
1702 9 
1703 9 
1704 9 
1705 9 
1706 9 14 
1707 9 
1708 9 
1709 9 
1710 9 
1711 9 
1712 9 
1713 9 
1714 9 
1715 9 
1716 9 
1717 9 
1718 9 14 
1719 9 
1720 9 
1721 9 14 
1722 9 
1723 9 
1724 9 
1725 9 
1726 9 
1727 9 
1728 9 
1729 9 
1730 9 
1731 9 
1732 9 
1733 9 
1734 9 
1735 9 
1736 9 14 
1737 9 
1738 9 
1739 9 
1740 9 
1741 9 
1742 9 
1743 9 
1744 9 
1745 9 
1746 9 
1747 9 
1748 9 
1749 9 
1750 9 
1751 9 
1752 9 
1753 9 
1754 9 
1755 9 
1756 9 14 
1757 9 
1758 9 
1759 9 
1760 9 
1761 9 
1762 9 
1763 9 
1764 9 14 
1765 9 
1766 9 
1767 9 
1768 9 
1769 9 
1770 9 14 
1771 9 
1772 9 14 
1773 9 
1774 9 
1775 9 
1776 9 
1777 9 
1778 9 
1779 9 
1780 9 
1781 9 
1782 9 
1783 9 
1784 9 14 
1785 9 14 
1786 9 
1787 9 
1788 9 
1789 9 
1790 9 
1791 9 
1792 9 
1793 9 
1794 9 
1795 9 
1796 9 
1797 9 
1798 9 
1799 9 
1800 9 
1801 9 
1802 9 
1803 9 
1804 9 16 
1805 9 
1806 9 
1807 9 
1808 9 
1809 9 
1810 9 
1811 9 14 
1812 9 
1813 9 
1814 9 14 
1815 9 
1816 9 
1817 9 
1818 9 
1819 9 
1820 9 
1821 9 
1822 9 14 
1823 9 14 
1824 9 
1825 9 
1826 9 
1827 9 
1828 9 
1829 9 
1830 9 
1831 9 
1832 9 
1833 9 14 
1834 9 
1835 9 
1836 9 
1837 9 14 
1838 9 
1839 9 
1840 9 
1841 10 
1842 10 
1843 10 
1844 10 
1845 11 
1846 11 
1847 11 
1848 11 14 
1849 11 
1850 11 
1851 11 
1852 11 
1853 11 
1854 11 
1855 11 
1856 11 
1857 11 
1858 11 
1859 11 
1860 11 
1861 11 
1862 11 
1863 11 
1864 11 
1865 11 
1866 11 
1867 11 
1868 11 
1869 11 
1870 11 
1871 11 
1872 11 
1873 11 
1874 11 
1875 11 
1876 11 
1877 11 
1878 11 
1879 11 
1880 11 
1881 11 
1882 11 
1883 11 
1884 11 
1885 11 
1886 11 
1887 11 
1888 11 
1889 11 
1890 11 
1891 11 
1892 11 
1893 11 
1894 11 
1895 11 
1896 11 
1897 11 
1898 11 
1899 11 
1900 11 
1901 11 
1902 11 
1903 11 
1904 11 
1905 11 
1906 11 
1907 11 
1908 11 
1909 11 
1910 11 
1911 11 
1912 11 
1913 11 
1914 11 
1915 11 
1916 11 
1917 11 
1918 11 
1919 11 
1920 11 
1921 12 
1922 12 
1923 12 
1924 12 
1925 13 
1926 13 
1927 13 
1928 13 
1929 13 
1930 13 
1931 13 
1932 13 
1933 13 
1934 13 
1935 13 
1936 13 
1937 13 
1938 13 
1939 13 
1940 13 
1941 13 
1942 13 
1943 14 
1944 14 
1945 14 
1946 14 
1947 14 
1948 14 
1949 14 
1950 14 
1951 14 
1952 14 
1953 14 
1954 14 
1955 14 
1956 14 
1957 14 
1958 14 
1959 14 
1960 14 
1961 14 
1962 14 
1963 14 
1964 14 
1965 14 
1966 14 
1967 14 
1968 14 
1969 14 
1970 14 
1971 14 
1972 14 
1973 14 
1974 14 
1975 14 
1976 14 
1977 14 
1978 14 
1979 14 
1980 14 
1981 14 
1982 14 
1983 14 
1984 14 
1985 14 
1986 14 
1987 14 
1988 14 
1989 14 
1990 14 
1991 14 
1992 14 
1993 14 
1994 14 
1995 14 
1996 14 
1997 14 
1998 14 
1999 14 
2000 14 
2001 14 
2002 14 
2003 14 
2004 14 
2005 14 
2006 14 
2007 14 
2008 14 
2009 14 
2010 14 
2011 14 
2012 14 
2013 14 
2014 14 
2015 14 
2016 14 
2017 14 
2018 14 
2019 14 
2020 14 
2021 14 
2022 14 
2023 14 
2024 14 
2025 14 
2026 14 
2027 14 
2028 14 
2029 14 
2030 14 
2031 14 
2032 14 
2033 14 
2034 14 
2035 14 
2036 14 
2037 14 
2038 14 
2039 14 
2040 14 
2041 14 
2042 14 
2043 14 
2044 14 
2045 14 
2046 14 
2047 14 
2048 14 
2049 14 
2050 14 
2051 14 
2052 14 
2053 14 
2054 14 
2055 14 
2056 14 
2057 14 
2058 14 
2059 14 
2060 14 
2061 14 
2062 14 
2063 14 
2064 14 
2065 14 
2066 14 
2067 14 
2068 14 
2069 14 
2070 14 
2071 14 
2072 14 
2073 14 
2074 14 
2075 14 
2076 14 16 
2077 14 
2078 14 
2079 14 
2080 14 
2081 14 
2082 14 
2083 14 
2084 14 
2085 14 
2086 14 
2087 14 
2088 14 
2089 14 18 
2090 14 
2091 14 
2092 14 
2093 14 
2094 14 
2095 14 
2096 14 
2097 14 
2098 14 
2099 14 
2100 14 
2101 14 
2102 14 
2103 14 
2104 14 
2105 14 
2106 14 
2107 14 
2108 14 
2109 14 
2110 14 
2111 14 
2112 14 
2113 14 
2114 14 
2115 14 
2116 14 
2117 14 
2118 14 
2119 14 
2120 14 
2121 14 
2122 14 
2123 14 
2124 14 
2125 14 
2126 14 
2127 14 
2128 14 
2129 14 
2130 14 
2131 14 
2132 14 
2133 14 
2134 14 
2135 14 
2136 14 
2137 14 
2138 14 
2139 14 
2140 14 
2141 14 
2142 14 
2143 14 
2144 14 
2145 14 
2146 14 18 
2147 14 
2148 14 
2149 14 
2150 14 
2151 14 18 
2152 14 
2153 14 
2154 14 
2155 14 
2156 14 
2157 14 
2158 14 
2159 14 16 
2160 14 
2161 14 
2162 14 
2163 14 
2164 14 
2165 14 
2166 14 
2167 14 
2168 14 
2169 14 
2170 14 
2171 14 
2172 14 
2173 14 
2174 14 
2175 14 
2176 14 
2177 14 
2178 14 
2179 14 
2180 14 
2181 14 
2182 14 
2183 14 
2184 14 
2185 14 
2186 14 
2187 14 
2188 14 
2189 14 
2190 14 
2191 14 
2192 14 
2193 14 
2194 14 
2195 14 
2196 14 
2197 14 
2198 14 
2199 14 
2200 14 
2201 14 
2202 14 
2203 14 
2204 14 
2205 14 
2206 14 
2207 14 
2208 14 
2209 14 
2210 14 
2211 14 
2212 14 
2213 14 
2214 14 
2215 14 
2216 14 
2217 14 
2218 14 
2219 14 
2220 14 
2221 14 
2222 14 
2223 14 
2224 14 
2225 14 
2226 14 
2227 14 
2228 14 
2229 14 
2230 14 
2231 14 
2232 14 
2233 14 
2234 14 
2235 14 
2236 14 
2237 14 
2238 14 
2239 14 
2240 14 16 
2241 14 
2242 14 
2243 14 
2244 14 
2245 14 16 
2246 14 
2247 14 
2248 14 
2249 14 
2250 14 
2251 14 
2252 14 
2253 14 
2254 14 
2255 14 
2256 14 
2257 14 
2258 14 
2259 14 
2260 14 
2261 14 
2262 14 
2263 14 
2264 14 
2265 14 
2266 14 
2267 14 
2268 14 
2269 14 
2270 14 
2271 14 
2272 14 
2273 14 
2274 14 
2275 14 
2276 14 
2277 14 
2278 14 
2279 14 
2280 14 
2281 14 
2282 14 
2283 14 
2284 14 
2285 14 
2286 14 
2287 14 
2288 14 16 18 
2289 14 
2290 14 
2291 14 
2292 14 
2293 14 
2294 14 
2295 14 
2296 14 
2297 14 
2298 14 
2299 14 
2300 14 
2301 14 
2302 14 
2303 14 
2304 14 
2305 14 
2306 14 
2307 14 
2308 14 
2309 14 
2310 14 
2311 14 
2312 14 
2313 14 
2314 14 
2315 14 
2316 14 
2317 14 
2318 14 
2319 14 
2320 14 
2321 14 
2322 14 
2323 14 
2324 14 
2325 14 
2326 14 
2327 14 
2328 14 
2329 14 
2330 14 
2331 14 
2332 14 
2333 14 
2334 14 
2335 14 
2336 14 
2337 14 
2338 15 
2339 15 
2340 15 
2341 15 
2342 15 
2343 15 
2344 15 
2345 15 
2346 15 
2347 15 
2348 15 
2349 15 
2350 15 
2351 15 
2352 15 
2353 15 
2354 15 
2355 15 
2356 15 
2357 15 
2358 16 
2359 16 
2360 16 
2361 16 
2362 16 
2363 16 
2364 16 18 
2365 16 
2366 16 
2367 16 
2368 16 
2369 16 
2370 16 
2371 16 
2372 16 
2373 16 
2374 16 
2375 16 
2376 16 
2377 16 
2378 16 
2379 16 
2380 16 
2381 16 
2382 16 
2383 16 
2384 16 
2385 16 
2386 16 
2387 16 
2388 16 
2389 16 
2390 16 
2391 16 
2392 16 
2393 16 
2394 16 
2395 16 
2396 16 
2397 16 
2398 16 
2399 16 
2400 16 
2401 16 
2402 16 
2403 16 
2404 16 
2405 16 
2406 16 
2407 16 
2408 16 
2409 16 
2410 16 
2411 16 
2412 16 
2413 16 
2414 16 
2415 16 
2416 16 
2417 16 
2418 16 
2419 16 
2420 16 
2421 16 18 
2422 16 
2423 16 
2424 16 
2425 16 
2426 16 
2427 16 
2428 16 
2429 16 
2430 16 
2431 17 
2432 17 
2433 17 
2434 17 
2435 17 
2436 17 
2437 17 
2438 17 
2439 17 
2440 17 
2441 17 
2442 17 
2443 17 
2444 17 
2445 17 
2446 17 
2447 17 
2448 17 
2449 17 
2450 17 
2451 18 
2452 18 
2453 18 
2454 18 
2455 18 
2456 18 
2457 18 
2458 18 
2459 18 
2460 18 
2461 18 
2462 18 
2463 18 
2464 18 
2465 18 
2466 18 
2467 18 
2468 18 
2469 18 
2470 18 
2471 18 
2472 18 
2473 18 
